2 0.2578125 0.7515625 0.021875 0.03671875
2 0.31875 0.759375 0.03984375 0.053125
2 0.35 0.4421875 0.0328125 0.0609375
0 0.34375 0.37265625 0.0859375 0.11953125
0 0.36875 0.19140625 0.08984375 0.08046875
0 0.4125 0.2578125 0.0578125 0.06015625
0 0.521875 0.25234375 0.06875 0.09609375
0 0.55703125 0.321875 0.13359375 0.12265625
0 0.590625 0.6671875 0.1171875 0.1265625
0 0.4859375 0.5890625 0.075 0.15234375
1 0.39140625 0.65234375 0.196875 0.21640625
0 0.40859375 0.73671875 0.059375 0.08046875
0 0.503125 0.73046875 0.09453125 0.11171875
0 0.3546875 0.684375 0.065625 0.05859375
0 0.603125 0.3953125 0.11015625 0.1390625
1 0.45234375 0.2359375 0.08671875 0.1015625