2 0.39140625 0.2390625 0.03984375 0.03515625
2 0.45390625 0.2421875 0.0828125 0.04140625
0 0.53671875 0.26328125 0.1359375 0.10078125
0 0.290625 0.559375 0.16328125 0.1390625
0 0.32109375 0.44140625 0.2 0.14609375
0 0.7671875 0.56640625 0.1375 0.15390625
2 0.8125 0.709375 0.1171875 0.0796875
2 0.865625 0.81328125 0.0421875 0.0296875
0 0.61015625 0.6140625 0.14453125 0.11328125
0 0.49375 0.58203125 0.1609375 0.1171875
0 0.53671875 0.4640625 0.14765625 0.15859375
0 0.43671875 0.5046875 0.09296875 0.22421875
2 0.196875 0.57578125 0.034375 0.0265625