2 0.74921875 0.79140625 0.0421875 0.05703125
2 0.6609375 0.759375 0.04609375 0.06171875
0 0.7296875 0.67109375 0.05859375 0.11171875
2 0.7453125 0.7390625 0.05703125 0.06953125
2 0.746875 0.5796875 0.05390625 0.06796875
0 0.6875 0.9375 0.06953125 0.09765625
0 0.71796875 0.96640625 0.0953125 0.06640625
0 0.82109375 0.934375 0.10703125 0.1140625
0 0.90859375 0.82578125 0.13359375 0.146875
0 0.6875 0.57421875 0.0515625 0.0765625
1 0.715625 0.43828125 0.2671875 0.30546875
1 0.64609375 0.25546875 0.1671875 0.2953125
1 0.45 0.38203125 0.203125 0.32890625
1 0.3609375 0.67265625 0.2796875 0.3359375
1 0.42109375 0.78046875 0.146875 0.215625
1 0.59765625 0.5390625 0.1375 0.23671875
1 0.47578125 0.49296875 0.146875 0.1953125
1 0.5546875 0.38828125 0.10546875 0.1390625