0 0.11796875 0.52890625 0.0609375 0.0734375
0 0.17890625 0.49140625 0.053125 0.05
0 0.2703125 0.4390625 0.2125 0.20390625
1 0.60234375 0.390625 0.22890625 0.19453125
1 0.51171875 0.16328125 0.2125 0.19140625
0 0.44375 0.54609375 0.14609375 0.22890625
2 0.15234375 0.35078125 0.01875 0.0171875
2 0.1640625 0.41171875 0.02890625 0.0390625
1 0.615625 0.16328125 0.096875 0.16640625
0 0.55078125 0.646875 0.15625 0.15234375
0 0.64296875 0.690625 0.05390625 0.078125
0 0.5515625 0.7546875 0.19921875 0.14140625
2 0.6109375 0.55859375 0.034375 0.04765625