1 0.159375 0.52265625 0.1140625 0.1515625
1 0.38125 0.74296875 0.1265625 0.1234375
1 0.265625 0.809375 0.17890625 0.1609375
2 0.265625 0.459375 0.02578125 0.01953125
1 0.3421875 0.35390625 0.2765625 0.234375
1 0.5703125 0.20859375 0.13828125 0.1515625
0 0.7125 0.15078125 0.075 0.08125
0 0.8546875 0.36875 0.075 0.05625
1 0.44296875 0.52890625 0.2171875 0.32890625
1 0.575 0.54375 0.171875 0.25703125
0 0.72421875 0.41796875 0.05859375 0.0890625
1 0.94296875 0.38125 0.0828125 0.1109375
1 0.72734375 0.59609375 0.17890625 0.2015625
1 0.7671875 0.51640625 0.15234375 0.1609375
0 0.809375 0.475 0.10234375 0.1171875
0 0.83359375 0.4296875 0.0703125 0.078125
2 0.76015625 0.3265625 0.021875 0.02421875
2 0.6953125 0.2859375 0.01796875 0.021875
2 0.70390625 0.29921875 0.0171875 0.021875
2 0.6625 0.4078125 0.01484375 0.01953125
2 0.653125 0.41875 0.015625 0.025
2 0.6296875 0.41875 0.0125 0.01875
2 0.64296875 0.425 0.01015625 0.01875
2 0.84296875 0.2140625 0.03046875 0.02734375
2 0.86796875 0.19609375 0.02265625 0.02265625
2 0.88203125 0.2125 0.02109375 0.02734375
2 0.896875 0.23046875 0.01328125 0.015625
2 0.90078125 0.20859375 0.02109375 0.02265625
2 0.9046875 0.18984375 0.02578125 0.03359375
2 0.971875 0.16328125 0.025 0.02734375
2 0.94140625 0.1625 0.0125 0.01875
0 0.909375 0.1546875 0.0515625 0.03671875
0 0.86953125 0.146875 0.04765625 0.0671875
0 0.90859375 0.10859375 0.06015625 0.06796875
0 0.85625 0.1203125 0.0375 0.06484375
0 0.7828125 0.125 0.115625 0.10078125
2 0.69296875 0.20078125 0.0265625 0.021875
2 0.77890625 0.35546875 0.01640625 0.021875
2 0.81875 0.33828125 0.0109375 0.01484375
2 0.80703125 0.36640625 0.0125 0.0203125
2 0.7953125 0.378125 0.0140625 0.0171875
2 0.7703125 0.38125 0.01484375 0.01953125
2 0.73125 0.35234375 0.0109375 0.01640625
2 0.7328125 0.340625 0.00703125 0.0109375
2 0.72265625 0.3578125 0.00703125 0.009375
2 0.73046875 0.365625 0.0078125 0.00859375
2 0.7203125 0.37265625 0.01015625 0.01484375
2 0.6796875 0.2921875 0.0078125 0.01328125
2 0.67421875 0.30234375 0.0078125 0.01171875
2 0.75390625 0.24765625 0.01484375 0.015625
2 0.896875 0.3640625 0.01015625 0.01875
2 0.88984375 0.38203125 0.0140625 0.0203125
0 0.8734375 0.4515625 0.03984375 0.08125
2 0.346875 0.63125 0.01953125 0.025
2 0.35390625 0.66796875 0.02421875 0.02421875
2 0.33671875 0.6734375 0.02109375 0.01953125
0 0.30234375 0.70390625 0.04765625 0.06328125