2 0.153125 0.47421875 0.0390625 0.028125
2 0.2890625 0.525 0.02421875 0.034375
2 0.35703125 0.45390625 0.034375 0.02578125
2 0.3515625 0.2828125 0.0421875 0.05859375
2 0.28203125 0.321875 0.05078125 0.05859375
0 0.10234375 0.2734375 0.08671875 0.06484375
0 0.63828125 0.121875 0.084375 0.10390625
0 0.540625 0.1484375 0.06171875 0.08046875
2 0.06640625 0.25546875 0.02109375 0.0234375
2 0.02265625 0.26015625 0.0171875 0.0125
2 0.090625 0.4640625 0.0109375 0.01328125
2 0.178125 0.66484375 0.0265625 0.04375
2 0.28984375 0.66484375 0.0234375 0.02578125
2 0.3 0.72578125 0.03515625 0.04765625
2 0.2828125 0.7859375 0.046875 0.0625
2 0.19140625 0.20234375 0.021875 0.01875
2 0.4640625 0.21328125 0.01796875 0.02109375
0 0.46171875 0.15625 0.04140625 0.04453125
0 0.4328125 0.1515625 0.0390625 0.0453125
0 0.20625 0.2328125 0.06953125 0.04765625
0 0.23515625 0.265625 0.07890625 0.0796875
0 0.29765625 0.253125 0.0671875 0.0703125
0 0.31328125 0.1921875 0.08359375 0.1078125
0 0.3375 0.12734375 0.14296875 0.128125
0 0.24375 0.1140625 0.134375 0.159375
1 0.09375 0.75625 0.18671875 0.18828125
1 0.16640625 0.81796875 0.13515625 0.15703125
1 0.05078125 0.859375 0.10078125 0.10078125
1 0.09375 0.93984375 0.090625 0.11640625
1 0.29765625 0.93984375 0.065625 0.09296875
1 0.4453125 0.77265625 0.27890625 0.38671875
1 0.63046875 0.59453125 0.05546875 0.07265625
0 0.57890625 0.63203125 0.0921875 0.13125
0 0.52265625 0.5890625 0.05546875 0.0828125
1 0.7 0.64453125 0.16171875 0.12421875
1 0.88203125 0.5359375 0.23515625 0.2484375