0 0.7375 0.37734375 0.190625 0.18515625
2 0.06875 0.040625 0.04453125 0.04375
2 0.30859375 0.18515625 0.0453125 0.05234375
2 0.1375 0.28046875 0.05703125 0.0796875
2 0.27578125 0.278125 0.0796875 0.1125
0 0.4546875 0.25546875 0.10625 0.1078125
2 0.05703125 0.090625 0.05546875 0.07421875
2 0.384375 0.19921875 0.03984375 0.0640625
2 0.6015625 0.40078125 0.01484375 0.02734375
0 0.6671875 0.5421875 0.13515625 0.1875
0 0.75546875 0.5421875 0.1125 0.1703125
0 0.70546875 0.6921875 0.109375 0.15546875
0 0.63671875 0.75546875 0.08984375 0.1546875
0 0.5640625 0.6625 0.17421875 0.23671875
0 0.49609375 0.60234375 0.07265625 0.1015625
0 0.43515625 0.4546875 0.1640625 0.31796875
0 0.3125 0.39609375 0.19296875 0.3546875
0 0.203125 0.38984375 0.1296875 0.23984375
0 0.1203125 0.41953125 0.05390625 0.09140625
0 0.06015625 0.37578125 0.103125 0.075
0 0.5328125 0.503125 0.19140625 0.1296875