2 0.14609375 0.56328125 0.028125 0.01640625
2 0.1484375 0.575 0.03125 0.01171875
2 0.109375 0.52890625 0.0203125 0.01640625
2 0.20703125 0.51875 0.02265625 0.01484375
2 0.2078125 0.5375 0.03125 0.02421875
2 0.18203125 0.525 0.0359375 0.02421875
2 0.15078125 0.50234375 0.03515625 0.03046875
2 0.18203125 0.4921875 0.01796875 0.0125
2 0.2359375 0.4859375 0.02109375 0.01328125
2 0.4203125 0.51015625 0.0140625 0.01328125
2 0.39921875 0.51015625 0.02421875 0.01796875
2 0.35703125 0.471875 0.0265625 0.01328125
2 0.0484375 0.61796875 0.02421875 0.01484375
2 0.89453125 0.5984375 0.01953125 0.01484375
2 0.840625 0.596875 0.015625 0.0109375
2 0.8234375 0.60390625 0.01484375 0.0125
2 0.8125 0.60546875 0.0140625 0.015625
2 0.80234375 0.61328125 0.021875 0.01484375
2 0.840625 0.5671875 0.01015625 0.0125
2 0.82578125 0.56640625 0.015625 0.0109375
2 0.79609375 0.5875 0.01796875 0.009375
2 0.78515625 0.5671875 0.015625 0.0140625
2 0.79375 0.5578125 0.01484375 0.0140625
2 0.90546875 0.453125 0.0515625 0.05234375
2 0.96796875 0.5 0.06328125 0.05390625
2 0.2546875 0.521875 0.0578125 0.0390625
2 0.37265625 0.44609375 0.0640625 0.04140625
2 0.334375 0.46015625 0.0515625 0.03828125
2 0.2828125 0.471875 0.06875 0.04375
2 0.25078125 0.45625 0.0578125 0.046875
2 0.21640625 0.4515625 0.0453125 0.053125
2 0.2140625 0.490625 0.0265625 0.01953125
2 0.15625 0.45234375 0.04453125 0.0375
2 0.13671875 0.46796875 0.04375 0.034375
2 0.18359375 0.46953125 0.0640625 0.04609375
0 0.57109375 0.721875 0.17578125 0.1140625
0 0.73671875 0.515625 0.06328125 0.04375
0 0.6875 0.54296875 0.08828125 0.065625
0 0.6421875 0.58046875 0.203125 0.1
0 0.52265625 0.56796875 0.05859375 0.04609375
0 0.44765625 0.63671875 0.1234375 0.05625
0 0.58203125 0.45859375 0.2359375 0.14453125