0 0.05078125 0.4703125 0.1015625 0.11875
2 0.1265625 0.584375 0.03359375 0.028125
2 0.0921875 0.58671875 0.046875 0.03203125
2 0.86328125 0.6609375 0.0296875 0.0375
2 0.8453125 0.678125 0.03125 0.028125
2 0.92421875 0.67421875 0.0375 0.02109375
2 0.95234375 0.73515625 0.0375 0.03046875
2 0.91875 0.7453125 0.0296875 0.0359375
2 0.9 0.753125 0.0375 0.03359375
2 0.8828125 0.76484375 0.05 0.0375
2 0.975 0.75625 0.040625 0.04453125
0 0.19453125 0.828125 0.2625 0.11875
0 0.33671875 0.68203125 0.14140625 0.1140625
0 0.746875 0.58671875 0.128125 0.09375
0 0.65546875 0.64609375 0.17265625 0.13125
0 0.565625 0.72421875 0.3828125 0.20625
0 0.45703125 0.93671875 0.36640625 0.1265625
1 0.4328125 0.49140625 0.42578125 0.2765625