1 0.45234375 0.84609375 0.08046875 0.0796875
1 0.2828125 0.7359375 0.1828125 0.11875
1 0.21953125 0.6171875 0.165625 0.15078125
1 0.296875 0.53515625 0.09765625 0.12734375
1 0.325 0.63046875 0.0625 0.1171875
1 0.365625 0.57265625 0.0546875 0.1640625
1 0.378125 0.3453125 0.1671875 0.1640625
1 0.421875 0.521875 0.12890625 0.25390625
1 0.44296875 0.62578125 0.090625 0.12109375
1 0.5265625 0.38046875 0.1421875 0.171875
1 0.528125 0.27109375 0.1359375 0.13515625
1 0.59375 0.440625 0.0765625 0.0953125
1 0.59453125 0.5015625 0.084375 0.06015625
1 0.51015625 0.60703125 0.096875 0.12734375
1 0.53359375 0.684375 0.0671875 0.10546875
1 0.578125 0.60703125 0.071875 0.12265625
1 0.61640625 0.6046875 0.0890625 0.13125