0 0.69453125 0.0609375 0.1734375 0.12109375
0 0.75859375 0.2796875 0.28671875 0.12109375
0 0.590625 0.34921875 0.19921875 0.12421875
0 0.31171875 0.13828125 0.109375 0.1671875
0 0.278125 0.2078125 0.1765625 0.1171875
1 0.66875 0.44453125 0.340625 0.2046875
1 0.659375 0.6078125 0.46328125 0.2109375
1 0.565625 0.7171875 0.215625 0.30390625
1 0.4375 0.8890625 0.1375 0.14375
1 0.546875 0.784375 0.2453125 0.32890625
1 0.30859375 0.68828125 0.3046875 0.140625
1 0.28828125 0.453125 0.56953125 0.4015625