2 0.88984375 0.9171875 0.01015625 0.02421875
0 0.91328125 0.93359375 0.028125 0.0546875
2 0.8921875 0.94765625 0.02109375 0.03359375
2 0.6953125 0.6703125 0.009375 0.0171875
2 0.6953125 0.6875 0.0109375 0.01953125
0 0.778125 0.7578125 0.0296875 0.053125
0 0.6265625 0.5078125 0.06484375 0.1171875
0 0.803125 0.96640625 0.06171875 0.0671875
0 0.75078125 0.86796875 0.09296875 0.20546875
0 0.63984375 0.74765625 0.0515625 0.08046875
0 0.5921875 0.7609375 0.03984375 0.09609375
0 0.58203125 0.6203125 0.04921875 0.090625
0 0.5765625 0.703125 0.0640625 0.0765625
0 0.55625 0.7625 0.05234375 0.0859375
0 0.49609375 0.31953125 0.0734375 0.125
0 0.509375 0.38359375 0.046875 0.1015625
0 0.515625 0.40234375 0.0296875 0.06484375
0 0.5578125 0.378125 0.04765625 0.08359375
0 0.55078125 0.4546875 0.1125 0.1109375
0 0.584375 0.496875 0.0265625 0.09375
0 0.46875 0.4109375 0.071875 0.14453125
0 0.48359375 0.51953125 0.06328125 0.12109375
0 0.553125 0.52421875 0.03515625 0.06328125
0 0.51875 0.628125 0.03671875 0.06875