1 0.19296875 0.3421875 0.10078125 0.15
1 0.26328125 0.33125 0.09453125 0.12109375
0 0.240625 0.3640625 0.028125 0.0484375
2 0.35 0.3953125 0.01875 0.021875
2 0.621875 0.42890625 0.021875 0.02734375
2 0.90859375 0.409375 0.02421875 0.0296875
0 0.88203125 0.53046875 0.05078125 0.05625
0 0.75703125 0.4078125 0.1171875 0.115625
0 0.5609375 0.38359375 0.05625 0.053125
0 0.65 0.40625 0.0421875 0.0390625
1 0.3765625 0.50625 0.09296875 0.12890625
1 0.43671875 0.4671875 0.1234375 0.26796875
1 0.3890625 0.60234375 0.1140625 0.16015625
1 0.58359375 0.60625 0.2 0.2125