1 0.8453125 0.225 0.30859375 0.44921875
1 0.57734375 0.19921875 0.2734375 0.37734375
1 0.63828125 0.4296875 0.31953125 0.3046875
1 0.72109375 0.62109375 0.1671875 0.296875
1 0.765625 0.7421875 0.06875 0.13828125
1 0.7390625 0.8296875 0.0609375 0.1
1 0.81875 0.7828125 0.046875 0.05703125
1 0.81328125 0.92734375 0.1390625 0.1453125
1 0.45390625 0.48359375 0.1234375 0.196875
1 0.4046875 0.2484375 0.1765625 0.32265625
1 0.315625 0.43671875 0.23515625 0.3109375
1 0.296875 0.665625 0.1859375 0.26171875
1 0.5125 0.76328125 0.3296875 0.40859375
1 0.6109375 0.646875 0.090625 0.0875
1 0.22578125 0.47265625 0.17578125 0.47890625
1 0.84609375 0.2203125 0.3046875 0.440625