0 0.10703125 0.33984375 0.10390625 0.05390625
2 0.0875 0.41328125 0.02421875 0.01484375
0 0.0515625 0.46796875 0.05703125 0.03515625
2 0.0109375 0.4734375 0.021875 0.021875
2 0.27734375 0.31640625 0.02265625 0.0140625
2 0.2875 0.340625 0.01484375 0.0109375
2 0.17265625 0.4921875 0.03203125 0.015625
2 0.18671875 0.53984375 0.0203125 0.01484375
2 0.36640625 0.46953125 0.02421875 0.0171875
2 0.14140625 0.40703125 0.040625 0.02890625
0 0.0359375 0.5125 0.07109375 0.04921875
0 0.1546875 0.515625 0.090625 0.0421875
2 0.17890625 0.52265625 0.02421875 0.0171875
0 0.196875 0.390625 0.1046875 0.06796875
0 0.371875 0.42421875 0.06640625 0.040625
0 0.38671875 0.44921875 0.04375 0.01796875
0 0.43359375 0.396875 0.03828125 0.0328125
0 0.46171875 0.42109375 0.0359375 0.025
1 0.365625 0.3765625 0.0890625 0.04921875
1 0.3453125 0.35 0.09921875 0.0421875
1 0.31796875 0.49765625 0.0984375 0.05546875
1 0.23046875 0.534375 0.06796875 0.0375
1 0.07578125 0.5796875 0.14765625 0.065625
1 0.1625 0.58203125 0.09375 0.07734375
1 0.21953125 0.57265625 0.08203125 0.0578125
1 0.0421875 0.6515625 0.084375 0.075
1 0.12734375 0.63359375 0.1359375 0.0703125
1 0.23515625 0.6171875 0.08203125 0.05546875
0 0.259375 0.5796875 0.0546875 0.03359375
1 0.2765625 0.61875 0.0734375 0.05546875
1 0.35 0.58984375 0.10703125 0.0453125
1 0.3640625 0.553125 0.09140625 0.0390625
0 0.4609375 0.47109375 0.0421875 0.0328125
0 0.4140625 0.46171875 0.0328125 0.01640625
0 0.43046875 0.48203125 0.0625 0.0328125
1 0.3828125 0.51953125 0.0515625 0.03359375
1 0.53125 0.49453125 0.06328125 0.0359375
1 0.4671875 0.51796875 0.07265625 0.0625
1 0.43828125 0.54921875 0.04921875 0.02265625
1 0.50625 0.44609375 0.05234375 0.03515625
1 0.434375 0.33046875 0.1234375 0.08984375
1 0.4703125 0.39140625 0.06875 0.04140625
1 0.5015625 0.4046875 0.0578125 0.040625
1 0.52265625 0.41640625 0.05390625 0.0359375