0 0.42734375 0.103125 0.18984375 0.1140625
0 0.7515625 0.18671875 0.2734375 0.1140625
0 0.41484375 0.240625 0.16171875 0.09375
2 0.4953125 0.346875 0.07265625 0.0484375
1 0.7 0.41171875 0.30078125 0.1421875
1 0.47265625 0.4375 0.1953125 0.1015625
1 0.37734375 0.53359375 0.2046875 0.1078125
1 0.5296875 0.60859375 0.16328125 0.0796875
1 0.7953125 0.4984375 0.25625 0.13671875
1 0.5640625 0.53046875 0.15390625 0.13515625
1 0.63984375 0.5046875 0.09140625 0.12421875
1 0.68828125 0.65234375 0.165625 0.08203125
1 0.55078125 0.75703125 0.28046875 0.16328125
1 0.66484375 0.72265625 0.14453125 0.1140625
1 0.85859375 0.7828125 0.2640625 0.21171875
1 0.821875 0.9609375 0.296875 0.078125