1 0.84140625 0.43984375 0.1609375 0.19765625
1 0.69140625 0.35625 0.23828125 0.26171875
1 0.62421875 0.865625 0.103125 0.25234375
1 0.54375 0.4828125 0.1796875 0.17578125
1 0.58671875 0.58125 0.1 0.1890625
1 0.46484375 0.6828125 0.2125 0.2640625
1 0.5015625 0.3390625 0.15703125 0.2359375
1 0.4125 0.35546875 0.121875 0.22421875
1 0.359375 0.4671875 0.18125 0.21328125
1 0.33359375 0.61640625 0.153125 0.2125
1 0.2890625 0.503125 0.15625 0.3609375
0 0.78125 0.96953125 0.05 0.0609375
0 0.7140625 0.890625 0.03984375 0.08046875