1 0.140625 0.4296875 0.11328125 0.22421875
1 0.325 0.3078125 0.14140625 0.23828125
1 0.23515625 0.39609375 0.1265625 0.24453125
1 0.1890625 0.53203125 0.12109375 0.16015625
1 0.340625 0.496875 0.07421875 0.14453125
1 0.28984375 0.5875 0.08203125 0.1328125
2 0.35859375 0.56875 0.03046875 0.0609375
1 0.4859375 0.29453125 0.12109375 0.18203125
1 0.50078125 0.490625 0.1890625 0.2359375
1 0.3453125 0.74296875 0.159375 0.240625
1 0.38984375 0.66875 0.0609375 0.08984375
1 0.42265625 0.603125 0.0703125 0.10390625
1 0.440625 0.69453125 0.0765625 0.1265625
1 0.61328125 0.440625 0.0796875 0.1625
1 0.509375 0.65 0.1375 0.15
1 0.73984375 0.4546875 0.2703125 0.259375
1 0.8828125 0.61640625 0.18359375 0.240625