1 0.5421875 0.15 0.21015625 0.15234375
1 0.39140625 0.26640625 0.2328125 0.23125
1 0.38203125 0.41015625 0.19921875 0.08125
1 0.4234375 0.51171875 0.22109375 0.18671875
1 0.55859375 0.4890625 0.165625 0.1328125
1 0.68203125 0.6515625 0.22109375 0.15625
1 0.27265625 0.69609375 0.22109375 0.128125
1 0.36015625 0.790625 0.24375 0.1328125
1 0.51640625 0.83046875 0.1546875 0.11875
1 0.40859375 0.88984375 0.24765625 0.1203125
0 0.45546875 0.6734375 0.1078125 0.08359375
0 0.54296875 0.71875 0.14140625 0.08359375
0 0.25078125 0.53203125 0.16015625 0.11875
0 0.54375 0.5875 0.08359375 0.075
0 0.60859375 0.61484375 0.07421875 0.065625
0 0.63828125 0.559375 0.0890625 0.0671875
2 0.521875 0.65078125 0.04296875 0.03515625
2 0.79296875 0.47890625 0.0390625 0.0375
2 0.81875 0.4625 0.02578125 0.0265625
2 0.86015625 0.48359375 0.03515625 0.0265625
2 0.84140625 0.5109375 0.028125 0.02109375
2 0.84765625 0.5328125 0.05390625 0.03046875