1 0.2984375 0.334375 0.0921875 0.1265625
1 0.346875 0.3609375 0.06171875 0.08984375
1 0.44453125 0.33203125 0.05859375 0.13515625
1 0.4984375 0.3421875 0.1265625 0.15
1 0.5390625 0.37890625 0.1078125 0.109375
1 0.59453125 0.5875 0.1265625 0.08046875
1 0.5828125 0.6390625 0.090625 0.06640625
1 0.29765625 0.453125 0.10625 0.08828125
1 0.2953125 0.50234375 0.071875 0.0546875
1 0.3046875 0.5390625 0.040625 0.03671875
1 0.4125 0.634375 0.2359375 0.171875
1 0.353125 0.75625 0.08515625 0.06796875
1 0.4328125 0.78359375 0.0828125 0.10703125
1 0.51953125 0.7203125 0.12109375 0.10703125